3.195909236177690627e+00
3.195909236177690627e+00
3.195909236177690627e+00
3.195909236177690627e+00
3.195398625978588925e+00
3.195398625978588925e+00
3.195398625978588925e+00
3.195398625978588925e+00
3.195398625978588925e+00
3.195398625978588925e+00
3.195398625978588925e+00
3.195398625978588925e+00
3.195398625978588925e+00
3.195398625978588925e+00
3.194377894904964599e+00
3.194377894904964599e+00
3.194377894904964599e+00
3.194377894904964599e+00
3.194377894904964599e+00
3.194377894904964599e+00
3.194377894904964599e+00
3.194377894904964599e+00
3.194377894904964599e+00
3.194377894904964599e+00
3.065603923973020173e+00
3.065603923973020173e+00
3.065603923973020173e+00
3.065603923973020173e+00
3.066073892380804189e+00
3.066073892380804189e+00
3.066073892380804189e+00
3.066073892380804189e+00
3.066073892380804189e+00
3.066073892380804189e+00
3.054367745876601425e+00
3.054367745876601425e+00
3.055300947143291257e+00
3.055300947143291257e+00
3.054367745876601425e+00
3.055300947143291257e+00
3.055300947143291257e+00
3.055300947143291257e+00
3.055300947143291257e+00
3.055300947143291257e+00
3.044603440401885575e+00
3.044603440401885575e+00
3.034901365705612530e+00
3.044603440401885575e+00
3.064194882794544217e+00
3.001650907999397599e+00
3.064194882794544217e+00
3.001650907999397599e+00
3.064194882794544217e+00
3.001650907999397599e+00
3.039513677811548131e+00
3.001650907999397599e+00
3.039513677811548131e+00
3.001650907999397599e+00
3.039513677811548131e+00
3.001650907999397599e+00
3.039513677811548131e+00
3.001650907999397599e+00
3.039513677811548131e+00
3.001650907999397599e+00
3.020235578375110475e+00
3.003905076599577395e+00
3.011141222523333827e+00
3.024345985180702634e+00
3.011141222523333827e+00
3.024345985180702634e+00
3.011141222523333827e+00
3.024345985180702634e+00
3.011141222523333827e+00
3.024345985180702634e+00
2.948982601002651638e+00
2.949852507374628896e+00
2.948982601002651638e+00
2.949852507374628896e+00
2.948982601002651638e+00
2.949852507374628896e+00
2.998500749625185424e+00
3.013409673045048365e+00
2.948982601002651638e+00
2.935995302407514274e+00
2.947678703021367586e+00
2.937288882361578146e+00
2.947678703021367586e+00
2.937288882361578146e+00
2.957704821058855238e+00
2.937288882361578146e+00
2.957704821058855238e+00
2.937288882361578146e+00
2.957704821058855238e+00
2.909090909090907395e+00
2.911631969719025825e+00
2.958579881656802968e+00
3.032140691328075732e+00
3.026176426085639193e+00
3.032140691328075732e+00
3.026176426085639193e+00
3.027550711474414236e+00
3.050640634533249518e+00
3.027550711474414236e+00
3.036744609778315951e+00
3.007971123477212405e+00
3.058571647040830399e+00
3.007971123477212405e+00
3.058571647040830399e+00
3.007971123477212405e+00
3.058571647040830399e+00
3.007971123477212405e+00
3.058571647040830399e+00
3.007971123477212405e+00
3.022974607013299231e+00
2.989089822149153086e+00
3.021604471974616235e+00
2.982403817476884544e+00
3.024345985180702634e+00
2.996703626011385513e+00
3.023888720895068882e+00
2.996703626011385513e+00
3.023888720895068882e+00
2.989089822149153086e+00
2.964280420927817516e+00
2.970885323826497615e+00
2.968239833778566705e+00
2.970885323826497615e+00
2.968239833778566705e+00
2.970885323826497615e+00
2.968239833778566705e+00
2.992667963489448635e+00
2.951593860684768256e+00
2.970885323826497615e+00
2.952029520295200715e+00
3.000300030002998497e+00
2.955519432540266944e+00
2.967359050445101953e+00
2.955519432540266944e+00
2.958142286643985042e+00
2.983738624496492076e+00
2.995357196345662221e+00
2.955519432540266944e+00
2.950722927117141570e+00
2.964280420927817072e+00
2.862868594331518413e+00
2.897710808461313459e+00
2.862868594331518413e+00
2.897710808461313459e+00
