3.316506263530229122e-05 2.222059196565253627e-04
3.316506263530229122e-05 2.222059196565253627e-04
3.316506263530229122e-05 2.222059196565253627e-04
3.316506263530229122e-05 2.222059196565253627e-04
4.102100795312651907e-05 2.215134429468831976e-04
4.102100795312651907e-05 2.215134429468831976e-04
4.102100795312651907e-05 2.215134429468831976e-04
4.102100795312651907e-05 2.215134429468831976e-04
4.102100795312651907e-05 2.215134429468831976e-04
4.102100795312651907e-05 2.215134429468831976e-04
4.102100795312651907e-05 2.215134429468831976e-04
4.102100795312651907e-05 2.215134429468831976e-04
4.102100795312651907e-05 2.215134429468831976e-04
4.102100795312651907e-05 2.215134429468831976e-04
4.788403558208566957e-05 4.165911095641453097e-04
4.788403558208566957e-05 4.165911095641453097e-04
4.788403558208566957e-05 4.165911095641453097e-04
4.788403558208566957e-05 4.165911095641453097e-04
4.788403558208566957e-05 4.165911095641453097e-04
4.788403558208566957e-05 4.165911095641453097e-04
4.788403558208566957e-05 4.165911095641453097e-04
4.788403558208566957e-05 4.165911095641453097e-04
4.788403558208566957e-05 4.165911095641453097e-04
4.788403558208566957e-05 4.165911095641453097e-04
4.203395055738718588e-05 2.480003082885843960e-04
4.203395055738718588e-05 2.480003082885843960e-04
4.203395055738718588e-05 2.480003082885843960e-04
4.203395055738718588e-05 2.480003082885843960e-04
4.203395055738718588e-05 2.480003082885843960e-04
4.203395055738718588e-05 2.480003082885843960e-04
4.203395055738718588e-05 2.480003082885843960e-04
4.203395055738718588e-05 2.480003082885843960e-04
4.203395055738718588e-05 2.480003082885843960e-04
4.203395055738718588e-05 2.480003082885843960e-04
5.459275172034897591e-04 3.930678123865126439e-03
5.459275172034897591e-04 3.930678123865126439e-03
5.459275172034897591e-04 3.930678123865126439e-03
5.459275172034897591e-04 3.930678123865126439e-03
5.459275172034897591e-04 3.930678123865126439e-03
5.459275172034897591e-04 3.930678123865126439e-03
5.459275172034897591e-04 3.930678123865126439e-03
5.459275172034897591e-04 3.930678123865126439e-03
5.459275172034897591e-04 3.930678123865126439e-03
5.459275172034897591e-04 3.930678123865126439e-03
3.103255874212091357e-04 2.141246553206343009e-03
3.103255874212091357e-04 2.141246553206343009e-03
3.103255874212091357e-04 2.141246553206343009e-03
3.103255874212091357e-04 2.141246553206343009e-03
3.103255874212091357e-04 2.141246553206343009e-03
3.103255874212091357e-04 2.141246553206343009e-03
3.103255874212091357e-04 2.141246553206343009e-03
3.103255874212091357e-04 2.141246553206343009e-03
3.103255874212091357e-04 2.141246553206343009e-03
3.103255874212091357e-04 2.141246553206343009e-03
5.819968019005311555e-05 3.608380171783293327e-04
5.819968019005311555e-05 3.608380171783293327e-04
5.819968019005311555e-05 3.608380171783293327e-04
5.819968019005311555e-05 3.608380171783293327e-04
5.819968019005311555e-05 3.608380171783293327e-04
5.819968019005311555e-05 3.608380171783293327e-04
5.819968019005311555e-05 3.608380171783293327e-04
5.819968019005311555e-05 3.608380171783293327e-04
5.819968019005311555e-05 3.608380171783293327e-04
5.819968019005311555e-05 3.608380171783293327e-04
9.186019467824510054e-05 4.501149539234009845e-04
9.186019467824510054e-05 4.501149539234009845e-04
9.186019467824510054e-05 4.501149539234009845e-04
9.186019467824510054e-05 4.501149539234009845e-04
1.608646798174900448e-04 1.077793354777183393e-03
1.608646798174900448e-04 1.077793354777183393e-03
1.608646798174900448e-04 1.077793354777183393e-03
6.982968122683180605e-05 5.516544816919711960e-04
6.982968122683180605e-05 5.516544816919711960e-04
6.982968122683180605e-05 5.516544816919711960e-04
4.622396220485982361e-05 3.605469051979066485e-04
4.622396220485982361e-05 3.605469051979066485e-04
4.622396220485982361e-05 3.605469051979066485e-04
4.622396220485982361e-05 3.605469051979066485e-04
4.622396220485982361e-05 3.605469051979066485e-04
4.622396220485982361e-05 3.605469051979066485e-04
4.660220958678331130e-05 4.007790024463364609e-04
4.622396220485982361e-05 3.605469051979066485e-04
5.077756703150132766e-05 3.859095094394101254e-04
1.026117249417598040e-04 7.080209020981426734e-04
1.026117249417598040e-04 7.080209020981426734e-04
1.026117249417598040e-04 7.080209020981426734e-04
1.026117249417598040e-04 7.080209020981426734e-04
1.026117249417598040e-04 7.080209020981426734e-04
1.026117249417598040e-04 7.080209020981426734e-04
1.026117249417598040e-04 7.080209020981426734e-04
1.026117249417598040e-04 7.080209020981426734e-04
1.026117249417598040e-04 7.080209020981426734e-04
1.123709770587943686e-04 5.618548852939717888e-04
1.053566591694349633e-04 9.060672688571407441e-04
1.053566591694349633e-04 9.060672688571407441e-04
2.825300110582773072e-04 2.147228084042907340e-03
1.656004481719615515e-04 9.770426442145731943e-04
1.656004481719615515e-04 9.770426442145731943e-04
1.656004481719615515e-04 9.770426442145731943e-04
1.656004481719615515e-04 9.770426442145731943e-04
1.656004481719615515e-04 9.770426442145731943e-04
1.656004481719615515e-04 9.770426442145731943e-04
1.656004481719615515e-04 9.770426442145731943e-04
1.357064040800308880e-04 9.906567497842255071e-04
1.357064040800308880e-04 9.906567497842255071e-04
2.536943607103217470e-04 1.420688419977801696e-03
2.536943607103217470e-04 1.420688419977801696e-03
4.322993309879262242e-04 2.593795985927557345e-03
4.322993309879262242e-04 2.593795985927557345e-03
4.322993309879262242e-04 2.593795985927557345e-03
1.958850428982989258e-04 1.096956240230474028e-03
3.194912676858667261e-04 1.853049352578027163e-03
3.194912676858667261e-04 1.853049352578027163e-03
4.801858511410386147e-04 1.872724819450050657e-03
4.801858511410386147e-04 1.872724819450050657e-03
4.801858511410386147e-04 1.872724819450050657e-03
7.111571308660496809e-04 4.338058498282902457e-03
7.111571308660496809e-04 4.338058498282902457e-03
7.111571308660496809e-04 4.338058498282902457e-03
7.111571308660496809e-04 4.338058498282902457e-03
7.111571308660496809e-04 4.338058498282902457e-03
7.111571308660496809e-04 4.338058498282902457e-03
7.111571308660496809e-04 4.338058498282902457e-03
5.047610066853109022e-05 3.987611952813956270e-04
5.047610066853109022e-05 3.987611952813956270e-04
5.047610066853109022e-05 3.987611952813956270e-04
1.215781672909992844e-04 1.616989624970290463e-03
8.377834296320777017e-05 4.440252177050011805e-04
1.215781672909992844e-04 1.616989624970290463e-03
8.377834296320777017e-05 4.440252177050011805e-04
8.377834296320777017e-05 4.440252177050011805e-04
8.377834296320777017e-05 4.440252177050011805e-04
8.377834296320777017e-05 4.440252177050011805e-04
3.678705535727060528e-05 2.832603262509836620e-04
5.768181625420872038e-05 6.921817950505046446e-04
3.678705535727060528e-05 2.832603262509836620e-04
5.768181625420872038e-05 6.921817950505046446e-04
3.478434971397464801e-05 2.817532326831946360e-04
3.565453379524838101e-05 2.139272027714902860e-04
3.565453379524838101e-05 2.139272027714902860e-04
3.565453379524838101e-05 2.139272027714902860e-04
3.565453379524838101e-05 2.139272027714902860e-04
3.565453379524838101e-05 2.139272027714902860e-04
5.880862661172649907e-05 6.880609313572000167e-04
5.880862661172649907e-05 6.880609313572000167e-04
5.880862661172649907e-05 6.880609313572000167e-04
3.624363958990320064e-05 3.008222085961965910e-04
8.873893981640619262e-05 8.252721402925776266e-04
