6.432060518295680161e-05
7.875735387560474138e-05
9.135841484751877921e-05
6.991723351333985106e-05
1.404340456856723312e-04
1.066577927399348455e-04
1.185765398703300520e-04
1.269725696737215696e-04
7.527431125529047398e-05
1.753587928642710066e-04
1.843099926008904383e-04
3.302290045615868656e-04
1.281776981798646601e-04
1.021101053251655859e-03
2.092203403995918261e-03
1.343306037336896002e-03
2.088373274151674158e-03
9.348504585030011733e-04
2.493418870321788120e-04
3.660017196263590125e-04
7.448294683022892203e-04
3.448580764288513905e-04
1.794428801038709198e-04
2.461984133698147674e-04
3.007523862313218779e-04
1.768001812151591585e-04
2.523478316122822803e-04
3.249434241056372826e-04
2.286649852240350638e-04
7.902305379539632509e-05
6.030412989046196988e-05
4.960091353062024273e-05
3.112006788257628285e-04
1.598603204464290532e-04
2.754545633860942420e-04
2.662939545572666922e-04
2.194438870611673247e-04
3.048549987680268525e-04
1.792822506796472694e-04
2.514039148876317229e-04
6.299610217879803367e-04
6.085876093564025280e-04
7.147358957828054424e-04
8.282022065674891301e-04
1.526307434932649108e-03
1.252827318033154693e-03
1.420624455353320043e-03
1.459005022754201282e-03
2.014438366124069986e-04
1.385381602920854934e-04
1.740440032844098968e-04
1.734037371011836175e-04
1.120057508316816956e-04
7.827641349058512220e-05
7.300427696959545969e-05
1.059098164787665328e-04
7.106226777103495098e-05
6.569369055346557503e-05
